ANG_PIT_P = 3.050000;
ANG_RLL_P = 3.050000;
ANG_YAW_P = 3.050000;
RAT_PIT_D = 0.003240;
RAT_PIT_FF = 0.000000;
RAT_PIT_FLTD = 8.000000;
RAT_PIT_FLTE = 0.000000;
RAT_PIT_FLTT = 8.000000;
RAT_PIT_I = 0.121500;
RAT_PIT_IMAX = 0.450000;
RAT_PIT_P = 0.121500;
RAT_PIT_SMAX = 0.000000;
RAT_RLL_D = 0.003240;
RAT_RLL_FF = 0.000000;
RAT_RLL_FLTD = 8.000000;
RAT_RLL_FLTE = 0.000000;
RAT_RLL_FLTT = 8.000000;
RAT_RLL_I = 0.121500;
RAT_RLL_IMAX = 0.450000;
RAT_RLL_P = 0.121500;
RAT_RLL_SMAX = 0.000000;
RAT_YAW_D = 0.000000;
RAT_YAW_FF = 0.000000;
RAT_YAW_FLTD = 0.000000;
RAT_YAW_FLTE = 2.250000;
RAT_YAW_FLTT = 8.000000;
RAT_YAW_I = 0.016200;
RAT_YAW_IMAX = 0.450000;
RAT_YAW_P = 0.162000;
RAT_YAW_SMAX = 0.000000;
RLL_B0 = 1;
RLL_Wc = 50;
RLL_Wo =20;
PIT_B0 = 1;
PIT_Wc = 50;
PIT_Wo =20;
YAW_B0 = 1;
YAW_Wc = 50;
YAW_Wo =20;